-1.125000000000000000e+00 -1.125000000000000000e+00
-8.750000000000000000e-01 -1.125000000000000000e+00
-6.250000000000000000e-01 -1.125000000000000000e+00
-3.750000000000000000e-01 -1.125000000000000000e+00
-1.250000000000000000e-01 -1.125000000000000000e+00
1.250000000000000000e-01 -1.125000000000000000e+00
3.750000000000000000e-01 -1.125000000000000000e+00
6.250000000000000000e-01 -1.125000000000000000e+00
8.750000000000000000e-01 -1.125000000000000000e+00
1.125000000000000000e+00 -1.125000000000000000e+00
-1.125000000000000000e+00 -8.750000000000000000e-01
-8.750000000000000000e-01 -8.750000000000000000e-01
-6.250000000000000000e-01 -8.750000000000000000e-01
-3.750000000000000000e-01 -8.750000000000000000e-01
-1.250000000000000000e-01 -8.750000000000000000e-01
1.250000000000000000e-01 -8.750000000000000000e-01
3.750000000000000000e-01 -8.750000000000000000e-01
6.250000000000000000e-01 -8.750000000000000000e-01
8.750000000000000000e-01 -8.750000000000000000e-01
1.125000000000000000e+00 -8.750000000000000000e-01
-1.125000000000000000e+00 -6.250000000000000000e-01
-8.750000000000000000e-01 -6.250000000000000000e-01
-6.250000000000000000e-01 -6.250000000000000000e-01
-3.750000000000000000e-01 -6.250000000000000000e-01
-1.250000000000000000e-01 -6.250000000000000000e-01
1.250000000000000000e-01 -6.250000000000000000e-01
3.750000000000000000e-01 -6.250000000000000000e-01
6.250000000000000000e-01 -6.250000000000000000e-01
8.750000000000000000e-01 -6.250000000000000000e-01
1.125000000000000000e+00 -6.250000000000000000e-01
-1.125000000000000000e+00 -3.750000000000000000e-01
-8.750000000000000000e-01 -3.750000000000000000e-01
-6.250000000000000000e-01 -3.750000000000000000e-01
-3.750000000000000000e-01 -3.750000000000000000e-01
-1.250000000000000000e-01 -3.750000000000000000e-01
1.250000000000000000e-01 -3.750000000000000000e-01
3.750000000000000000e-01 -3.750000000000000000e-01
6.250000000000000000e-01 -3.750000000000000000e-01
8.750000000000000000e-01 -3.750000000000000000e-01
1.125000000000000000e+00 -3.750000000000000000e-01
-1.125000000000000000e+00 -1.250000000000000000e-01
-8.750000000000000000e-01 -1.250000000000000000e-01
-6.250000000000000000e-01 -1.250000000000000000e-01
-3.750000000000000000e-01 -1.250000000000000000e-01
-1.250000000000000000e-01 -1.250000000000000000e-01
1.250000000000000000e-01 -1.250000000000000000e-01
3.750000000000000000e-01 -1.250000000000000000e-01
6.250000000000000000e-01 -1.250000000000000000e-01
8.750000000000000000e-01 -1.250000000000000000e-01
1.125000000000000000e+00 -1.250000000000000000e-01
-1.125000000000000000e+00 1.250000000000000000e-01
-8.750000000000000000e-01 1.250000000000000000e-01
-6.250000000000000000e-01 1.250000000000000000e-01
-3.750000000000000000e-01 1.250000000000000000e-01
-1.250000000000000000e-01 1.250000000000000000e-01
1.250000000000000000e-01 1.250000000000000000e-01
3.750000000000000000e-01 1.250000000000000000e-01
6.250000000000000000e-01 1.250000000000000000e-01
8.750000000000000000e-01 1.250000000000000000e-01
1.125000000000000000e+00 1.250000000000000000e-01
-1.125000000000000000e+00 3.750000000000000000e-01
-8.750000000000000000e-01 3.750000000000000000e-01
-6.250000000000000000e-01 3.750000000000000000e-01
-3.750000000000000000e-01 3.750000000000000000e-01
-1.250000000000000000e-01 3.750000000000000000e-01
1.250000000000000000e-01 3.750000000000000000e-01
3.750000000000000000e-01 3.750000000000000000e-01
6.250000000000000000e-01 3.750000000000000000e-01
8.750000000000000000e-01 3.750000000000000000e-01
1.125000000000000000e+00 3.750000000000000000e-01
-1.125000000000000000e+00 6.250000000000000000e-01
-8.750000000000000000e-01 6.250000000000000000e-01
-6.250000000000000000e-01 6.250000000000000000e-01
-3.750000000000000000e-01 6.250000000000000000e-01
-1.250000000000000000e-01 6.250000000000000000e-01
1.250000000000000000e-01 6.250000000000000000e-01
3.750000000000000000e-01 6.250000000000000000e-01
6.250000000000000000e-01 6.250000000000000000e-01
8.750000000000000000e-01 6.250000000000000000e-01
1.125000000000000000e+00 6.250000000000000000e-01
-1.125000000000000000e+00 8.750000000000000000e-01
-8.750000000000000000e-01 8.750000000000000000e-01
-6.250000000000000000e-01 8.750000000000000000e-01
-3.750000000000000000e-01 8.750000000000000000e-01
-1.250000000000000000e-01 8.750000000000000000e-01
1.250000000000000000e-01 8.750000000000000000e-01
3.750000000000000000e-01 8.750000000000000000e-01
6.250000000000000000e-01 8.750000000000000000e-01
8.750000000000000000e-01 8.750000000000000000e-01
1.125000000000000000e+00 8.750000000000000000e-01
-1.125000000000000000e+00 1.125000000000000000e+00
-8.750000000000000000e-01 1.125000000000000000e+00
-6.250000000000000000e-01 1.125000000000000000e+00
-3.750000000000000000e-01 1.125000000000000000e+00
-1.250000000000000000e-01 1.125000000000000000e+00
1.250000000000000000e-01 1.125000000000000000e+00
3.750000000000000000e-01 1.125000000000000000e+00
6.250000000000000000e-01 1.125000000000000000e+00
8.750000000000000000e-01 1.125000000000000000e+00
1.125000000000000000e+00 1.125000000000000000e+00
