-0.9375 -0.9375 -0.00443919
-0.8125 -0.9375 -0.00535051
-0.6875 -0.9375 -0.00320246
-0.5625 -0.9375 0.00109972
-0.4375 -0.9375 0.00645112
-0.3125 -0.9375 0.0117142
-0.1875 -0.9375 0.0158702
-0.0625 -0.9375 0.0181534
0.0625 -0.9375 0.0181534
0.1875 -0.9375 0.0158702
0.3125 -0.9375 0.0117142
0.4375 -0.9375 0.00645112
0.5625 -0.9375 0.00109972
0.6875 -0.9375 -0.00320246
0.8125 -0.9375 -0.00535051
0.9375 -0.9375 -0.00443919
-0.9375 -0.8125 -0.00941654
-0.8125 -0.8125 -0.0112258
-0.6875 -0.8125 -0.00686552
-0.5625 -0.8125 0.0017449
-0.4375 -0.8125 0.0123959
-0.3125 -0.8125 0.022842
-0.1875 -0.8125 0.0310786
-0.0625 -0.8125 0.0356003
0.0625 -0.8125 0.0356003
0.1875 -0.8125 0.0310786
0.3125 -0.8125 0.022842
0.4375 -0.8125 0.0123959
0.5625 -0.8125 0.0017449
0.6875 -0.8125 -0.00686552
0.8125 -0.8125 -0.0112258
0.9375 -0.8125 -0.00941654
-0.9375 -0.6875 -0.0134871
-0.8125 -0.6875 -0.016053
-0.6875 -0.6875 -0.00995588
-0.5625 -0.6875 0.00204305
-0.4375 -0.6875 0.016852
-0.3125 -0.6875 0.0313564
-0.1875 -0.6875 0.042784
-0.0625 -0.6875 0.049055
0.0625 -0.6875 0.049055
0.1875 -0.6875 0.042784
0.3125 -0.6875 0.0313564
0.4375 -0.6875 0.016852
0.5625 -0.6875 0.00204305
0.6875 -0.6875 -0.00995588
0.8125 -0.6875 -0.016053
0.9375 -0.6875 -0.0134871
-0.9375 -0.5625 -0.015737
-0.8125 -0.5625 -0.0187407
-0.6875 -0.5625 -0.0117303
-0.5625 -0.5625 0.00206577
-0.4375 -0.5625 0.0190781
-0.3125 -0.5625 0.0357298
-0.1875 -0.5625 0.0488438
-0.0625 -0.5625 0.0560387
0.0625 -0.5625 0.0560387
0.1875 -0.5625 0.0488438
0.3125 -0.5625 0.0357298
0.4375 -0.5625 0.0190781
0.5625 -0.5625 0.00206577
0.6875 -0.5625 -0.0117303
0.8125 -0.5625 -0.0187407
0.9375 -0.5625 -0.015737
-0.9375 -0.4375 -0.0156898
-0.8125 -0.4375 -0.0187006
-0.6875 -0.4375 -0.0117764
-0.5625 -0.4375 0.00186194
-0.4375 -0.4375 0.0186751
-0.3125 -0.4375 0.0351269
-0.1875 -0.4375 0.0480807
-0.0625 -0.4375 0.0551868
0.0625 -0.4375 0.0551868
0.1875 -0.4375 0.0480807
0.3125 -0.4375 0.0351269
0.4375 -0.4375 0.0186751
0.5625 -0.4375 0.00186194
0.6875 -0.4375 -0.0117764
0.8125 -0.4375 -0.0187006
0.9375 -0.4375 -0.0156898
-0.9375 -0.3125 -0.0132914
-0.8125 -0.3125 -0.0158535
-0.6875 -0.3125 -0.0100225
-0.5625 -0.3125 0.00147297
-0.4375 -0.3125 0.0156437
-0.3125 -0.3125 0.029508
-0.1875 -0.3125 0.0404233
-0.0625 -0.3125 0.0464107
0.0625 -0.3125 0.0464107
0.1875 -0.3125 0.0404233
0.3125 -0.3125 0.029508
0.4375 -0.3125 0.0156437
0.5625 -0.3125 0.00147297
0.6875 -0.3125 -0.0100225
0.8125 -0.3125 -0.0158535
0.9375 -0.3125 -0.0132914
-0.9375 -0.1875 -0.00888028
-0.8125 -0.1875 -0.0105973
-0.6875 -0.1875 -0.00671513
-0.5625 -0.1875 0.000943253
-0.4375 -0.1875 0.0103841
-0.3125 -0.1875 0.0196204
-0.1875 -0.1875 0.0268916
-0.0625 -0.1875 0.03088
0.0625 -0.1875 0.03088
0.1875 -0.1875 0.0268916
0.3125 -0.1875 0.0196204
0.4375 -0.1875 0.0103841
0.5625 -0.1875 0.000943253
0.6875 -0.1875 -0.00671513
0.8125 -0.1875 -0.0105973
0.9375 -0.1875 -0.00888028
-0.9375 -0.0625 -0.00311846
-0.8125 -0.0625 -0.00372231
-0.6875 -0.0625 -0.00236128
-0.5625 -0.0625 0.000324589
-0.4375 -0.0625 0.00363566
-0.3125 -0.0625 0.0068749
-0.1875 -0.0625 0.00942495
-0.0625 -0.0625 0.0108237
0.0625 -0.0625 0.0108237
0.1875 -0.0625 0.00942495
0.3125 -0.0625 0.0068749
0.4375 -0.0625 0.00363566
0.5625 -0.0625 0.000324589
0.6875 -0.0625 -0.00236128
0.8125 -0.0625 -0.00372231
0.9375 -0.0625 -0.00311846
-0.9375 0.0625 0.00311846
-0.8125 0.0625 0.00372231
-0.6875 0.0625 0.00236128
-0.5625 0.0625 -0.000324589
-0.4375 0.0625 -0.00363566
-0.3125 0.0625 -0.0068749
-0.1875 0.0625 -0.00942495
-0.0625 0.0625 -0.0108237
0.0625 0.0625 -0.0108237
0.1875 0.0625 -0.00942495
0.3125 0.0625 -0.0068749
0.4375 0.0625 -0.00363566
0.5625 0.0625 -0.000324589
0.6875 0.0625 0.00236128
0.8125 0.0625 0.00372231
0.9375 0.0625 0.00311846
-0.9375 0.1875 0.00888028
-0.8125 0.1875 0.0105973
-0.6875 0.1875 0.00671513
-0.5625 0.1875 -0.000943253
-0.4375 0.1875 -0.0103841
-0.3125 0.1875 -0.0196204
-0.1875 0.1875 -0.0268916
-0.0625 0.1875 -0.03088
0.0625 0.1875 -0.03088
0.1875 0.1875 -0.0268916
0.3125 0.1875 -0.0196204
0.4375 0.1875 -0.0103841
0.5625 0.1875 -0.000943253
0.6875 0.1875 0.00671513
0.8125 0.1875 0.0105973
0.9375 0.1875 0.00888028
-0.9375 0.3125 0.0132914
-0.8125 0.3125 0.0158535
-0.6875 0.3125 0.0100225
-0.5625 0.3125 -0.00147297
-0.4375 0.3125 -0.0156437
-0.3125 0.3125 -0.029508
-0.1875 0.3125 -0.0404233
-0.0625 0.3125 -0.0464107
0.0625 0.3125 -0.0464107
0.1875 0.3125 -0.0404233
0.3125 0.3125 -0.029508
0.4375 0.3125 -0.0156437
0.5625 0.3125 -0.00147297
0.6875 0.3125 0.0100225
0.8125 0.3125 0.0158535
0.9375 0.3125 0.0132914
-0.9375 0.4375 0.0156898
-0.8125 0.4375 0.0187006
-0.6875 0.4375 0.0117764
-0.5625 0.4375 -0.00186194
-0.4375 0.4375 -0.0186751
-0.3125 0.4375 -0.0351269
-0.1875 0.4375 -0.0480807
-0.0625 0.4375 -0.0551868
0.0625 0.4375 -0.0551868
0.1875 0.4375 -0.0480807
0.3125 0.4375 -0.0351269
0.4375 0.4375 -0.0186751
0.5625 0.4375 -0.00186194
0.6875 0.4375 0.0117764
0.8125 0.4375 0.0187006
0.9375 0.4375 0.0156898
-0.9375 0.5625 0.015737
-0.8125 0.5625 0.0187407
-0.6875 0.5625 0.0117303
-0.5625 0.5625 -0.00206577
-0.4375 0.5625 -0.0190781
-0.3125 0.5625 -0.0357298
-0.1875 0.5625 -0.0488438
-0.0625 0.5625 -0.0560387
0.0625 0.5625 -0.0560387
0.1875 0.5625 -0.0488438
0.3125 0.5625 -0.0357298
0.4375 0.5625 -0.0190781
0.5625 0.5625 -0.00206577
0.6875 0.5625 0.0117303
0.8125 0.5625 0.0187407
0.9375 0.5625 0.015737
-0.9375 0.6875 0.0134871
-0.8125 0.6875 0.016053
-0.6875 0.6875 0.00995588
-0.5625 0.6875 -0.00204305
-0.4375 0.6875 -0.016852
-0.3125 0.6875 -0.0313564
-0.1875 0.6875 -0.042784
-0.0625 0.6875 -0.049055
0.0625 0.6875 -0.049055
0.1875 0.6875 -0.042784
0.3125 0.6875 -0.0313564
0.4375 0.6875 -0.016852
0.5625 0.6875 -0.00204305
0.6875 0.6875 0.00995588
0.8125 0.6875 0.016053
0.9375 0.6875 0.0134871
-0.9375 0.8125 0.00941654
-0.8125 0.8125 0.0112258
-0.6875 0.8125 0.00686552
-0.5625 0.8125 -0.0017449
-0.4375 0.8125 -0.0123959
-0.3125 0.8125 -0.022842
-0.1875 0.8125 -0.0310786
-0.0625 0.8125 -0.0356003
0.0625 0.8125 -0.0356003
0.1875 0.8125 -0.0310786
0.3125 0.8125 -0.022842
0.4375 0.8125 -0.0123959
0.5625 0.8125 -0.0017449
0.6875 0.8125 0.00686552
0.8125 0.8125 0.0112258
0.9375 0.8125 0.00941654
-0.9375 0.9375 0.00443919
-0.8125 0.9375 0.00535051
-0.6875 0.9375 0.00320246
-0.5625 0.9375 -0.00109972
-0.4375 0.9375 -0.00645112
-0.3125 0.9375 -0.0117142
-0.1875 0.9375 -0.0158702
-0.0625 0.9375 -0.0181534
0.0625 0.9375 -0.0181534
0.1875 0.9375 -0.0158702
0.3125 0.9375 -0.0117142
0.4375 0.9375 -0.00645112
0.5625 0.9375 -0.00109972
0.6875 0.9375 0.00320246
0.8125 0.9375 0.00535051
0.9375 0.9375 0.00443919
