-0.875 -0.625 0.00936378
-0.875 -0.375 0.0417088
-0.875 -0.125 0.0584702
-0.875 0.125 0.0584702
-0.875 0.375 0.0417088
-0.875 0.625 0.00936377
-0.625 -0.875 0.00936375
-0.625 -0.625 0.0585784
-0.625 0.625 0.0585784
-0.625 0.875 0.00936377
-0.375 -0.875 0.0417088
-0.375 0.875 0.0417088
-0.125 -0.875 0.0584702
-0.125 0.875 0.0584702
0.125 -0.875 0.0584702
0.125 0.875 0.0584702
0.375 -0.875 0.0417088
0.375 0.875 0.0417088
0.625 -0.875 0.00936377
0.625 -0.625 0.0585784
0.625 0.625 0.0585784
0.625 0.875 0.00936375
0.875 -0.625 0.00936377
0.875 -0.375 0.0417088
0.875 -0.125 0.0584702
0.875 0.125 0.0584702
0.875 0.375 0.0417088
0.875 0.625 0.00936378
