-1.875 -1.875 0
-1.625 -1.875 0
-1.375 -1.875 0
-1.125 -1.875 0
-0.875 -1.875 0
-0.625 -1.875 0
-0.375 -1.875 0
-0.125 -1.875 0
0.125 -1.875 0
0.375 -1.875 0
0.625 -1.875 0
0.875 -1.875 0
1.125 -1.875 0
1.375 -1.875 0
1.625 -1.875 0
1.875 -1.875 0
-1.875 -1.625 0
-1.625 -1.625 0
-1.375 -1.625 0
-1.125 -1.625 0
-0.875 -1.625 0
-0.625 -1.625 0
-0.375 -1.625 0
-0.125 -1.625 0
0.125 -1.625 0
0.375 -1.625 0
0.625 -1.625 0
0.875 -1.625 0
1.125 -1.625 0
1.375 -1.625 0
1.625 -1.625 0
1.875 -1.625 0
-1.875 -1.375 0
-1.625 -1.375 0
-1.375 -1.375 0
-1.125 -1.375 0
-0.875 -1.375 0
-0.625 -1.375 0
-0.375 -1.375 0
-0.125 -1.375 0
0.125 -1.375 0
0.375 -1.375 0
0.625 -1.375 0
0.875 -1.375 0
1.125 -1.375 0
1.375 -1.375 0
1.625 -1.375 0
1.875 -1.375 0
-1.875 -1.125 0
-1.625 -1.125 0
-1.375 -1.125 0
-1.125 -1.125 0
-0.875 -1.125 0
-0.625 -1.125 0
-0.375 -1.125 0
-0.125 -1.125 0
0.125 -1.125 0
0.375 -1.125 0
0.625 -1.125 0
0.875 -1.125 0
1.125 -1.125 0
1.375 -1.125 0
1.625 -1.125 0
1.875 -1.125 0
-1.875 -0.875 0
-1.625 -0.875 0
-1.375 -0.875 0
-1.125 -0.875 0
-0.875 -0.875 0
-0.625 -0.875 0.0126992
-0.375 -0.875 0.0730977
-0.125 -0.875 0.0603184
0.125 -0.875 0.0590313
0.375 -0.875 0.0528963
0.625 -0.875 0.00332484
0.875 -0.875 0
1.125 -0.875 0
1.375 -0.875 0
1.625 -0.875 0
1.875 -0.875 0
-1.875 -0.625 0
-1.625 -0.625 0
-1.375 -0.625 0
-1.125 -0.625 0
-0.875 -0.625 0.0126992
-0.625 -0.625 0.165304
-0.375 -0.625 0.178089
-0.125 -0.625 0.182038
0.125 -0.625 0.177753
0.375 -0.625 0.161422
0.625 -0.625 0.133444
0.875 -0.625 -0.0110861
1.125 -0.625 0
1.375 -0.625 0
1.625 -0.625 0
1.875 -0.625 0
-1.875 -0.375 0
-1.625 -0.375 0
-1.375 -0.375 0
-1.125 -0.375 0
-0.875 -0.375 0.0730977
-0.625 -0.375 0.178089
-0.375 -0.375 0.229415
-0.125 -0.375 0.249491
0.125 -0.375 0.24602
0.375 -0.375 0.219093
0.625 -0.375 0.164338
0.875 -0.375 0.0690171
1.125 -0.375 0
1.375 -0.375 0
1.625 -0.375 0
1.875 -0.375 0
-1.875 -0.125 0
-1.625 -0.125 0
-1.375 -0.125 0
-1.125 -0.125 0
-0.875 -0.125 0.0603184
-0.625 -0.125 0.182038
-0.375 -0.125 0.249491
-0.125 -0.125 0.277992
0.125 -0.125 0.275243
0.375 -0.125 0.242093
0.625 -0.125 0.173296
0.875 -0.125 0.0558414
1.125 -0.125 0
1.375 -0.125 0
1.625 -0.125 0
1.875 -0.125 0
-1.875 0.125 0
-1.625 0.125 0
-1.375 0.125 0
-1.125 0.125 0
-0.875 0.125 0.0590313
-0.625 0.125 0.177753
-0.375 0.125 0.24602
-0.125 0.125 0.275243
0.125 0.125 0.272366
0.375 0.125 0.23824
0.625 0.125 0.168413
0.875 0.125 0.0539321
1.125 0.125 0
1.375 0.125 0
1.625 0.125 0
1.875 0.125 0
-1.875 0.375 0
-1.625 0.375 0
-1.375 0.375 0
-1.125 0.375 0
-0.875 0.375 0.0528963
-0.625 0.375 0.161422
-0.375 0.375 0.219093
-0.125 0.375 0.242093
0.125 0.375 0.23824
0.375 0.375 0.207587
0.625 0.375 0.145684
0.875 0.375 0.0422282
1.125 0.375 0
1.375 0.375 0
1.625 0.375 0
1.875 0.375 0
-1.875 0.625 0
-1.625 0.625 0
-1.375 0.625 0
-1.125 0.625 0
-0.875 0.625 0.00332484
-0.625 0.625 0.133444
-0.375 0.625 0.164338
-0.125 0.625 0.173296
0.125 0.625 0.168413
0.375 0.625 0.145684
0.625 0.625 0.102009
0.875 0.625 -0.0217234
1.125 0.625 0
1.375 0.625 0
1.625 0.625 0
1.875 0.625 0
-1.875 0.875 0
-1.625 0.875 0
-1.375 0.875 0
-1.125 0.875 0
-0.875 0.875 0
-0.625 0.875 -0.0110861
-0.375 0.875 0.0690171
-0.125 0.875 0.0558414
0.125 0.875 0.0539321
0.375 0.875 0.0422282
0.625 0.875 -0.0217234
0.875 0.875 0
1.125 0.875 0
1.375 0.875 0
1.625 0.875 0
1.875 0.875 0
-1.875 1.125 0
-1.625 1.125 0
-1.375 1.125 0
-1.125 1.125 0
-0.875 1.125 0
-0.625 1.125 0
-0.375 1.125 0
-0.125 1.125 0
0.125 1.125 0
0.375 1.125 0
0.625 1.125 0
0.875 1.125 0
1.125 1.125 0
1.375 1.125 0
1.625 1.125 0
1.875 1.125 0
-1.875 1.375 0
-1.625 1.375 0
-1.375 1.375 0
-1.125 1.375 0
-0.875 1.375 0
-0.625 1.375 0
-0.375 1.375 0
-0.125 1.375 0
0.125 1.375 0
0.375 1.375 0
0.625 1.375 0
0.875 1.375 0
1.125 1.375 0
1.375 1.375 0
1.625 1.375 0
1.875 1.375 0
-1.875 1.625 0
-1.625 1.625 0
-1.375 1.625 0
-1.125 1.625 0
-0.875 1.625 0
-0.625 1.625 0
-0.375 1.625 0
-0.125 1.625 0
0.125 1.625 0
0.375 1.625 0
0.625 1.625 0
0.875 1.625 0
1.125 1.625 0
1.375 1.625 0
1.625 1.625 0
1.875 1.625 0
-1.875 1.875 0
-1.625 1.875 0
-1.375 1.875 0
-1.125 1.875 0
-0.875 1.875 0
-0.625 1.875 0
-0.375 1.875 0
-0.125 1.875 0
0.125 1.875 0
0.375 1.875 0
0.625 1.875 0
0.875 1.875 0
1.125 1.875 0
1.375 1.875 0
1.625 1.875 0
1.875 1.875 0
