-1.9375 -1.9375 0
-1.8125 -1.9375 0
-1.6875 -1.9375 0
-1.5625 -1.9375 0
-1.4375 -1.9375 0
-1.3125 -1.9375 0
-1.1875 -1.9375 0
-1.0625 -1.9375 0
-0.9375 -1.9375 0
-0.8125 -1.9375 0
-0.6875 -1.9375 0
-0.5625 -1.9375 0
-0.4375 -1.9375 0
-0.3125 -1.9375 0
-0.1875 -1.9375 0
-0.0625 -1.9375 0
0.0625 -1.9375 0
0.1875 -1.9375 0
0.3125 -1.9375 0
0.4375 -1.9375 0
0.5625 -1.9375 0
0.6875 -1.9375 0
0.8125 -1.9375 0
0.9375 -1.9375 0
1.0625 -1.9375 0
1.1875 -1.9375 0
1.3125 -1.9375 0
1.4375 -1.9375 0
1.5625 -1.9375 0
1.6875 -1.9375 0
1.8125 -1.9375 0
1.9375 -1.9375 0
-1.9375 -1.8125 0
-1.8125 -1.8125 0
-1.6875 -1.8125 0
-1.5625 -1.8125 0
-1.4375 -1.8125 0
-1.3125 -1.8125 0
-1.1875 -1.8125 0
-1.0625 -1.8125 0
-0.9375 -1.8125 0
-0.8125 -1.8125 0
-0.6875 -1.8125 0
-0.5625 -1.8125 0
-0.4375 -1.8125 0
-0.3125 -1.8125 0
-0.1875 -1.8125 0
-0.0625 -1.8125 0
0.0625 -1.8125 0
0.1875 -1.8125 0
0.3125 -1.8125 0
0.4375 -1.8125 0
0.5625 -1.8125 0
0.6875 -1.8125 0
0.8125 -1.8125 0
0.9375 -1.8125 0
1.0625 -1.8125 0
1.1875 -1.8125 0
1.3125 -1.8125 0
1.4375 -1.8125 0
1.5625 -1.8125 0
1.6875 -1.8125 0
1.8125 -1.8125 0
1.9375 -1.8125 0
-1.9375 -1.6875 0
-1.8125 -1.6875 0
-1.6875 -1.6875 0
-1.5625 -1.6875 0
-1.4375 -1.6875 0
-1.3125 -1.6875 0
-1.1875 -1.6875 0
-1.0625 -1.6875 0
-0.9375 -1.6875 0
-0.8125 -1.6875 0
-0.6875 -1.6875 0
-0.5625 -1.6875 0
-0.4375 -1.6875 0
-0.3125 -1.6875 0
-0.1875 -1.6875 0
-0.0625 -1.6875 0
0.0625 -1.6875 0
0.1875 -1.6875 0
0.3125 -1.6875 0
0.4375 -1.6875 0
0.5625 -1.6875 0
0.6875 -1.6875 0
0.8125 -1.6875 0
0.9375 -1.6875 0
1.0625 -1.6875 0
1.1875 -1.6875 0
1.3125 -1.6875 0
1.4375 -1.6875 0
1.5625 -1.6875 0
1.6875 -1.6875 0
1.8125 -1.6875 0
1.9375 -1.6875 0
-1.9375 -1.5625 0
-1.8125 -1.5625 0
-1.6875 -1.5625 0
-1.5625 -1.5625 0
-1.4375 -1.5625 0
-1.3125 -1.5625 0
-1.1875 -1.5625 0
-1.0625 -1.5625 0
-0.9375 -1.5625 0
-0.8125 -1.5625 0
-0.6875 -1.5625 0
-0.5625 -1.5625 0
-0.4375 -1.5625 0
-0.3125 -1.5625 0
-0.1875 -1.5625 0
-0.0625 -1.5625 0
0.0625 -1.5625 0
0.1875 -1.5625 0
0.3125 -1.5625 0
0.4375 -1.5625 0
0.5625 -1.5625 0
0.6875 -1.5625 0
0.8125 -1.5625 0
0.9375 -1.5625 0
1.0625 -1.5625 0
1.1875 -1.5625 0
1.3125 -1.5625 0
1.4375 -1.5625 0
1.5625 -1.5625 0
1.6875 -1.5625 0
1.8125 -1.5625 0
1.9375 -1.5625 0
-1.9375 -1.4375 0
-1.8125 -1.4375 0
-1.6875 -1.4375 0
-1.5625 -1.4375 0
-1.4375 -1.4375 0
-1.3125 -1.4375 0
-1.1875 -1.4375 0
-1.0625 -1.4375 0
-0.9375 -1.4375 0
-0.8125 -1.4375 0
-0.6875 -1.4375 0
-0.5625 -1.4375 0
-0.4375 -1.4375 0
-0.3125 -1.4375 0
-0.1875 -1.4375 0
-0.0625 -1.4375 0
0.0625 -1.4375 0
0.1875 -1.4375 0
0.3125 -1.4375 0
0.4375 -1.4375 0
0.5625 -1.4375 0
0.6875 -1.4375 0
0.8125 -1.4375 0
0.9375 -1.4375 0
1.0625 -1.4375 0
1.1875 -1.4375 0
1.3125 -1.4375 0
1.4375 -1.4375 0
1.5625 -1.4375 0
1.6875 -1.4375 0
1.8125 -1.4375 0
1.9375 -1.4375 0
-1.9375 -1.3125 0
-1.8125 -1.3125 0
-1.6875 -1.3125 0
-1.5625 -1.3125 0
-1.4375 -1.3125 0
-1.3125 -1.3125 0
-1.1875 -1.3125 0
-1.0625 -1.3125 0
-0.9375 -1.3125 0
-0.8125 -1.3125 0
-0.6875 -1.3125 0
-0.5625 -1.3125 0
-0.4375 -1.3125 0
-0.3125 -1.3125 0
-0.1875 -1.3125 0
-0.0625 -1.3125 0
0.0625 -1.3125 0
0.1875 -1.3125 0
0.3125 -1.3125 0
0.4375 -1.3125 0
0.5625 -1.3125 0
0.6875 -1.3125 0
0.8125 -1.3125 0
0.9375 -1.3125 0
1.0625 -1.3125 0
1.1875 -1.3125 0
1.3125 -1.3125 0
1.4375 -1.3125 0
1.5625 -1.3125 0
1.6875 -1.3125 0
1.8125 -1.3125 0
1.9375 -1.3125 0
-1.9375 -1.1875 0
-1.8125 -1.1875 0
-1.6875 -1.1875 0
-1.5625 -1.1875 0
-1.4375 -1.1875 0
-1.3125 -1.1875 0
-1.1875 -1.1875 0
-1.0625 -1.1875 0
-0.9375 -1.1875 0
-0.8125 -1.1875 0
-0.6875 -1.1875 0
-0.5625 -1.1875 0
-0.4375 -1.1875 0
-0.3125 -1.1875 0
-0.1875 -1.1875 0
-0.0625 -1.1875 0
0.0625 -1.1875 0
0.1875 -1.1875 0
0.3125 -1.1875 0
0.4375 -1.1875 0
0.5625 -1.1875 0
0.6875 -1.1875 0
0.8125 -1.1875 0
0.9375 -1.1875 0
1.0625 -1.1875 0
1.1875 -1.1875 0
1.3125 -1.1875 0
1.4375 -1.1875 0
1.5625 -1.1875 0
1.6875 -1.1875 0
1.8125 -1.1875 0
1.9375 -1.1875 0
-1.9375 -1.0625 0
-1.8125 -1.0625 0
-1.6875 -1.0625 0
-1.5625 -1.0625 0
-1.4375 -1.0625 0
-1.3125 -1.0625 0
-1.1875 -1.0625 0
-1.0625 -1.0625 0
-0.9375 -1.0625 0
-0.8125 -1.0625 0
-0.6875 -1.0625 0
-0.5625 -1.0625 0
-0.4375 -1.0625 0
-0.3125 -1.0625 0
-0.1875 -1.0625 0
-0.0625 -1.0625 0
0.0625 -1.0625 0
0.1875 -1.0625 0
0.3125 -1.0625 0
0.4375 -1.0625 0
0.5625 -1.0625 0
0.6875 -1.0625 0
0.8125 -1.0625 0
0.9375 -1.0625 0
1.0625 -1.0625 0
1.1875 -1.0625 0
1.3125 -1.0625 0
1.4375 -1.0625 0
1.5625 -1.0625 0
1.6875 -1.0625 0
1.8125 -1.0625 0
1.9375 -1.0625 0
-1.9375 -0.9375 0
-1.8125 -0.9375 0
-1.6875 -0.9375 0
-1.5625 -0.9375 0
-1.4375 -0.9375 0
-1.3125 -0.9375 0
-1.1875 -0.9375 0
-1.0625 -0.9375 0
-0.9375 -0.9375 0
-0.8125 -0.9375 0
-0.6875 -0.9375 0
-0.5625 -0.9375 0
-0.4375 -0.9375 0.0074946
-0.3125 -0.9375 0.0696212
-0.1875 -0.9375 0.0626993
-0.0625 -0.9375 0.0609396
0.0625 -0.9375 0.0607325
0.1875 -0.9375 0.0614303
0.3125 -0.9375 0.0623927
0.4375 -0.9375 0.00382606
0.5625 -0.9375 0
0.6875 -0.9375 0
0.8125 -0.9375 0
0.9375 -0.9375 0
1.0625 -0.9375 0
1.1875 -0.9375 0
1.3125 -0.9375 0
1.4375 -0.9375 0
1.5625 -0.9375 0
1.6875 -0.9375 0
1.8125 -0.9375 0
1.9375 -0.9375 0
-1.9375 -0.8125 0
-1.8125 -0.8125 0
-1.6875 -0.8125 0
-1.5625 -0.8125 0
-1.4375 -0.8125 0
-1.3125 -0.8125 0
-1.1875 -0.8125 0
-1.0625 -0.8125 0
-0.9375 -0.8125 0
-0.8125 -0.8125 0
-0.6875 -0.8125 0.00370543
-0.5625 -0.8125 0.0860357
-0.4375 -0.8125 0.161458
-0.3125 -0.8125 0.145458
-0.1875 -0.8125 0.139607
-0.0625 -0.8125 0.137461
0.0625 -0.8125 0.136372
0.1875 -0.8125 0.135826
0.3125 -0.8125 0.137394
0.4375 -0.8125 0.149106
0.5625 -0.8125 0.0590226
0.6875 -0.8125 0.00162726
0.8125 -0.8125 0
0.9375 -0.8125 0
1.0625 -0.8125 0
1.1875 -0.8125 0
1.3125 -0.8125 0
1.4375 -0.8125 0
1.5625 -0.8125 0
1.6875 -0.8125 0
1.8125 -0.8125 0
1.9375 -0.8125 0
-1.9375 -0.6875 0
-1.8125 -0.6875 0
-1.6875 -0.6875 0
-1.5625 -0.6875 0
-1.4375 -0.6875 0
-1.3125 -0.6875 0
-1.1875 -0.6875 0
-1.0625 -0.6875 0
-0.9375 -0.6875 0
-0.8125 -0.6875 0.00370543
-0.6875 -0.6875 0.177492
-0.5625 -0.6875 0.16668
-0.4375 -0.6875 0.189988
-0.3125 -0.6875 0.195521
-0.1875 -0.6875 0.197184
-0.0625 -0.6875 0.197301
0.0625 -0.6875 0.195842
0.1875 -0.6875 0.192482
0.3125 -0.6875 0.186628
0.4375 -0.6875 0.175477
0.5625 -0.6875 0.142394
0.6875 -0.6875 0.139109
0.8125 -0.6875 -0.00176389
0.9375 -0.6875 0
1.0625 -0.6875 0
1.1875 -0.6875 0
1.3125 -0.6875 0
1.4375 -0.6875 0
1.5625 -0.6875 0
1.6875 -0.6875 0
1.8125 -0.6875 0
1.9375 -0.6875 0
-1.9375 -0.5625 0
-1.8125 -0.5625 0
-1.6875 -0.5625 0
-1.5625 -0.5625 0
-1.4375 -0.5625 0
-1.3125 -0.5625 0
-1.1875 -0.5625 0
-1.0625 -0.5625 0
-0.9375 -0.5625 0
-0.8125 -0.5625 0.0860357
-0.6875 -0.5625 0.16668
-0.5625 -0.5625 0.19758
-0.4375 -0.5625 0.220667
-0.3125 -0.5625 0.233828
-0.1875 -0.5625 0.240682
-0.0625 -0.5625 0.243091
0.0625 -0.5625 0.241588
0.1875 -0.5625 0.236009
0.3125 -0.5625 0.225533
0.4375 -0.5625 0.208153
0.5625 -0.5625 0.180343
0.6875 -0.5625 0.147053
0.8125 -0.5625 0.0767037
0.9375 -0.5625 0
1.0625 -0.5625 0
1.1875 -0.5625 0
1.3125 -0.5625 0
1.4375 -0.5625 0
1.5625 -0.5625 0
1.6875 -0.5625 0
1.8125 -0.5625 0
1.9375 -0.5625 0
-1.9375 -0.4375 0
-1.8125 -0.4375 0
-1.6875 -0.4375 0
-1.5625 -0.4375 0
-1.4375 -0.4375 0
-1.3125 -0.4375 0
-1.1875 -0.4375 0
-1.0625 -0.4375 0
-0.9375 -0.4375 0.0074946
-0.8125 -0.4375 0.161458
-0.6875 -0.4375 0.189988
-0.5625 -0.4375 0.220667
-0.4375 -0.4375 0.245649
-0.3125 -0.4375 0.262817
-0.1875 -0.4375 0.273
-0.0625 -0.4375 0.277167
0.0625 -0.4375 0.275786
0.1875 -0.4375 0.268808
0.3125 -0.4375 0.255715
0.4375 -0.4375 0.235636
0.5625 -0.4375 0.208149
0.6875 -0.4375 0.176429
0.8125 -0.4375 0.14875
0.9375 -0.4375 -0.00639257
1.0625 -0.4375 0
1.1875 -0.4375 0
1.3125 -0.4375 0
1.4375 -0.4375 0
1.5625 -0.4375 0
1.6875 -0.4375 0
1.8125 -0.4375 0
1.9375 -0.4375 0
-1.9375 -0.3125 0
-1.8125 -0.3125 0
-1.6875 -0.3125 0
-1.5625 -0.3125 0
-1.4375 -0.3125 0
-1.3125 -0.3125 0
-1.1875 -0.3125 0
-1.0625 -0.3125 0
-0.9375 -0.3125 0.0696212
-0.8125 -0.3125 0.145458
-0.6875 -0.3125 0.195521
-0.5625 -0.3125 0.233828
-0.4375 -0.3125 0.262817
-0.3125 -0.3125 0.283168
-0.1875 -0.3125 0.295707
-0.0625 -0.3125 0.301168
0.0625 -0.3125 0.299956
0.1875 -0.3125 0.292095
0.3125 -0.3125 0.27726
0.4375 -0.3125 0.254902
0.5625 -0.3125 0.224561
0.6875 -0.3125 0.18614
0.8125 -0.3125 0.137765
0.9375 -0.3125 0.0664015
1.0625 -0.3125 0
1.1875 -0.3125 0
1.3125 -0.3125 0
1.4375 -0.3125 0
1.5625 -0.3125 0
1.6875 -0.3125 0
1.8125 -0.3125 0
1.9375 -0.3125 0
-1.9375 -0.1875 0
-1.8125 -0.1875 0
-1.6875 -0.1875 0
-1.5625 -0.1875 0
-1.4375 -0.1875 0
-1.3125 -0.1875 0
-1.1875 -0.1875 0
-1.0625 -0.1875 0
-0.9375 -0.1875 0.0626993
-0.8125 -0.1875 0.139607
-0.6875 -0.1875 0.197184
-0.5625 -0.1875 0.240682
-0.4375 -0.1875 0.273
-0.3125 -0.1875 0.295707
-0.1875 -0.1875 0.309867
-0.0625 -0.1875 0.316215
0.0625 -0.1875 0.31515
0.1875 -0.1875 0.306732
0.3125 -0.1875 0.290702
0.4375 -0.1875 0.266526
0.5625 -0.1875 0.233429
0.6875 -0.1875 0.190179
0.8125 -0.1875 0.134143
0.9375 -0.1875 0.0600891
1.0625 -0.1875 0
1.1875 -0.1875 0
1.3125 -0.1875 0
1.4375 -0.1875 0
1.5625 -0.1875 0
1.6875 -0.1875 0
1.8125 -0.1875 0
1.9375 -0.1875 0
-1.9375 -0.0625 0
-1.8125 -0.0625 0
-1.6875 -0.0625 0
-1.5625 -0.0625 0
-1.4375 -0.0625 0
-1.3125 -0.0625 0
-1.1875 -0.0625 0
-1.0625 -0.0625 0
-0.9375 -0.0625 0.0609396
-0.8125 -0.0625 0.137461
-0.6875 -0.0625 0.197301
-0.5625 -0.0625 0.243091
-0.4375 -0.0625 0.277167
-0.3125 -0.0625 0.301168
-0.1875 -0.0625 0.316215
-0.0625 -0.0625 0.32305
0.0625 -0.0625 0.322073
0.1875 -0.0625 0.313357
0.3125 -0.0625 0.296663
0.4375 -0.0625 0.271448
0.5625 -0.0625 0.236823
0.6875 -0.0625 0.19138
0.8125 -0.0625 0.132913
0.9375 -0.0625 0.0586815
1.0625 -0.0625 0
1.1875 -0.0625 0
1.3125 -0.0625 0
1.4375 -0.0625 0
1.5625 -0.0625 0
1.6875 -0.0625 0
1.8125 -0.0625 0
1.9375 -0.0625 0
-1.9375 0.0625 0
-1.8125 0.0625 0
-1.6875 0.0625 0
-1.5625 0.0625 0
-1.4375 0.0625 0
-1.3125 0.0625 0
-1.1875 0.0625 0
-1.0625 0.0625 0
-0.9375 0.0625 0.0607325
-0.8125 0.0625 0.136372
-0.6875 0.0625 0.195842
-0.5625 0.0625 0.241588
-0.4375 0.0625 0.275786
-0.3125 0.0625 0.299956
-0.1875 0.0625 0.31515
-0.0625 0.0625 0.322073
0.0625 0.0625 0.32111
0.1875 0.0625 0.312334
0.3125 0.0625 0.29552
0.4375 0.0625 0.270155
0.5625 0.0625 0.235411
0.6875 0.0625 0.189982
0.8125 0.0625 0.131821
0.9375 0.0625 0.0584314
1.0625 0.0625 0
1.1875 0.0625 0
1.3125 0.0625 0
1.4375 0.0625 0
1.5625 0.0625 0
1.6875 0.0625 0
1.8125 0.0625 0
1.9375 0.0625 0
-1.9375 0.1875 0
-1.8125 0.1875 0
-1.6875 0.1875 0
-1.5625 0.1875 0
-1.4375 0.1875 0
-1.3125 0.1875 0
-1.1875 0.1875 0
-1.0625 0.1875 0
-0.9375 0.1875 0.0614303
-0.8125 0.1875 0.135826
-0.6875 0.1875 0.192482
-0.5625 0.1875 0.236009
-0.4375 0.1875 0.268808
-0.3125 0.1875 0.292095
-0.1875 0.1875 0.306732
-0.0625 0.1875 0.313357
0.0625 0.1875 0.312334
0.1875 0.1875 0.303724
0.3125 0.1875 0.287302
0.4375 0.1875 0.262617
0.5625 0.1875 0.229058
0.6875 0.1875 0.18569
0.8125 0.1875 0.130333
0.9375 0.1875 0.0585182
1.0625 0.1875 0
1.1875 0.1875 0
1.3125 0.1875 0
1.4375 0.1875 0
1.5625 0.1875 0
1.6875 0.1875 0
1.8125 0.1875 0
1.9375 0.1875 0
-1.9375 0.3125 0
-1.8125 0.3125 0
-1.6875 0.3125 0
-1.5625 0.3125 0
-1.4375 0.3125 0
-1.3125 0.3125 0
-1.1875 0.3125 0
-1.0625 0.3125 0
-0.9375 0.3125 0.0623927
-0.8125 0.3125 0.137394
-0.6875 0.3125 0.186628
-0.5625 0.3125 0.225533
-0.4375 0.3125 0.255715
-0.3125 0.3125 0.27726
-0.1875 0.3125 0.290702
-0.0625 0.3125 0.296663
0.0625 0.3125 0.29552
0.1875 0.3125 0.287302
0.3125 0.3125 0.271722
0.4375 0.3125 0.248329
0.5625 0.3125 0.216889
0.6875 0.3125 0.177761
0.8125 0.3125 0.129678
0.9375 0.3125 0.0579247
1.0625 0.3125 0
1.1875 0.3125 0
1.3125 0.3125 0
1.4375 0.3125 0
1.5625 0.3125 0
1.6875 0.3125 0
1.8125 0.3125 0
1.9375 0.3125 0
-1.9375 0.4375 0
-1.8125 0.4375 0
-1.6875 0.4375 0
-1.5625 0.4375 0
-1.4375 0.4375 0
-1.3125 0.4375 0
-1.1875 0.4375 0
-1.0625 0.4375 0
-0.9375 0.4375 0.00382606
-0.8125 0.4375 0.149106
-0.6875 0.4375 0.175477
-0.5625 0.4375 0.208153
-0.4375 0.4375 0.235636
-0.3125 0.4375 0.254902
-0.1875 0.4375 0.266526
-0.0625 0.4375 0.271448
0.0625 0.4375 0.270155
0.1875 0.4375 0.262617
0.3125 0.4375 0.248329
0.4375 0.4375 0.226463
0.5625 0.4375 0.196785
0.6875 0.4375 0.163161
0.8125 0.4375 0.137068
0.9375 0.4375 -0.0104377
1.0625 0.4375 0
1.1875 0.4375 0
1.3125 0.4375 0
1.4375 0.4375 0
1.5625 0.4375 0
1.6875 0.4375 0
1.8125 0.4375 0
1.9375 0.4375 0
-1.9375 0.5625 0
-1.8125 0.5625 0
-1.6875 0.5625 0
-1.5625 0.5625 0
-1.4375 0.5625 0
-1.3125 0.5625 0
-1.1875 0.5625 0
-1.0625 0.5625 0
-0.9375 0.5625 0
-0.8125 0.5625 0.0590226
-0.6875 0.5625 0.142394
-0.5625 0.5625 0.180343
-0.4375 0.5625 0.208149
-0.3125 0.5625 0.224561
-0.1875 0.5625 0.233429
-0.0625 0.5625 0.236823
0.0625 0.5625 0.235411
0.1875 0.5625 0.229058
0.3125 0.5625 0.216889
0.4375 0.5625 0.196785
0.5625 0.5625 0.165001
0.6875 0.5625 0.125404
0.8125 0.5625 0.0502178
0.9375 0.5625 0
1.0625 0.5625 0
1.1875 0.5625 0
1.3125 0.5625 0
1.4375 0.5625 0
1.5625 0.5625 0
1.6875 0.5625 0
1.8125 0.5625 0
1.9375 0.5625 0
-1.9375 0.6875 0
-1.8125 0.6875 0
-1.6875 0.6875 0
-1.5625 0.6875 0
-1.4375 0.6875 0
-1.3125 0.6875 0
-1.1875 0.6875 0
-1.0625 0.6875 0
-0.9375 0.6875 0
-0.8125 0.6875 0.00162726
-0.6875 0.6875 0.139109
-0.5625 0.6875 0.147053
-0.4375 0.6875 0.176429
-0.3125 0.6875 0.18614
-0.1875 0.6875 0.190179
-0.0625 0.6875 0.19138
0.0625 0.6875 0.189982
0.1875 0.6875 0.18569
0.3125 0.6875 0.177761
0.4375 0.6875 0.163161
0.5625 0.6875 0.125404
0.6875 0.6875 0.107612
0.8125 0.6875 -0.00338431
0.9375 0.6875 0
1.0625 0.6875 0
1.1875 0.6875 0
1.3125 0.6875 0
1.4375 0.6875 0
1.5625 0.6875 0
1.6875 0.6875 0
1.8125 0.6875 0
1.9375 0.6875 0
-1.9375 0.8125 0
-1.8125 0.8125 0
-1.6875 0.8125 0
-1.5625 0.8125 0
-1.4375 0.8125 0
-1.3125 0.8125 0
-1.1875 0.8125 0
-1.0625 0.8125 0
-0.9375 0.8125 0
-0.8125 0.8125 0
-0.6875 0.8125 -0.00176389
-0.5625 0.8125 0.0767037
-0.4375 0.8125 0.14875
-0.3125 0.8125 0.137765
-0.1875 0.8125 0.134143
-0.0625 0.8125 0.132913
0.0625 0.8125 0.131821
0.1875 0.8125 0.130333
0.3125 0.8125 0.129678
0.4375 0.8125 0.137068
0.5625 0.8125 0.0502178
0.6875 0.8125 -0.00338431
0.8125 0.8125 0
0.9375 0.8125 0
1.0625 0.8125 0
1.1875 0.8125 0
1.3125 0.8125 0
1.4375 0.8125 0
1.5625 0.8125 0
1.6875 0.8125 0
1.8125 0.8125 0
1.9375 0.8125 0
-1.9375 0.9375 0
-1.8125 0.9375 0
-1.6875 0.9375 0
-1.5625 0.9375 0
-1.4375 0.9375 0
-1.3125 0.9375 0
-1.1875 0.9375 0
-1.0625 0.9375 0
-0.9375 0.9375 0
-0.8125 0.9375 0
-0.6875 0.9375 0
-0.5625 0.9375 0
-0.4375 0.9375 -0.00639257
-0.3125 0.9375 0.0664015
-0.1875 0.9375 0.0600891
-0.0625 0.9375 0.0586815
0.0625 0.9375 0.0584314
0.1875 0.9375 0.0585182
0.3125 0.9375 0.0579248
0.4375 0.9375 -0.0104377
0.5625 0.9375 0
0.6875 0.9375 0
0.8125 0.9375 0
0.9375 0.9375 0
1.0625 0.9375 0
1.1875 0.9375 0
1.3125 0.9375 0
1.4375 0.9375 0
1.5625 0.9375 0
1.6875 0.9375 0
1.8125 0.9375 0
1.9375 0.9375 0
-1.9375 1.0625 0
-1.8125 1.0625 0
-1.6875 1.0625 0
-1.5625 1.0625 0
-1.4375 1.0625 0
-1.3125 1.0625 0
-1.1875 1.0625 0
-1.0625 1.0625 0
-0.9375 1.0625 0
-0.8125 1.0625 0
-0.6875 1.0625 0
-0.5625 1.0625 0
-0.4375 1.0625 0
-0.3125 1.0625 0
-0.1875 1.0625 0
-0.0625 1.0625 0
0.0625 1.0625 0
0.1875 1.0625 0
0.3125 1.0625 0
0.4375 1.0625 0
0.5625 1.0625 0
0.6875 1.0625 0
0.8125 1.0625 0
0.9375 1.0625 0
1.0625 1.0625 0
1.1875 1.0625 0
1.3125 1.0625 0
1.4375 1.0625 0
1.5625 1.0625 0
1.6875 1.0625 0
1.8125 1.0625 0
1.9375 1.0625 0
-1.9375 1.1875 0
-1.8125 1.1875 0
-1.6875 1.1875 0
-1.5625 1.1875 0
-1.4375 1.1875 0
-1.3125 1.1875 0
-1.1875 1.1875 0
-1.0625 1.1875 0
-0.9375 1.1875 0
-0.8125 1.1875 0
-0.6875 1.1875 0
-0.5625 1.1875 0
-0.4375 1.1875 0
-0.3125 1.1875 0
-0.1875 1.1875 0
-0.0625 1.1875 0
0.0625 1.1875 0
0.1875 1.1875 0
0.3125 1.1875 0
0.4375 1.1875 0
0.5625 1.1875 0
0.6875 1.1875 0
0.8125 1.1875 0
0.9375 1.1875 0
1.0625 1.1875 0
1.1875 1.1875 0
1.3125 1.1875 0
1.4375 1.1875 0
1.5625 1.1875 0
1.6875 1.1875 0
1.8125 1.1875 0
1.9375 1.1875 0
-1.9375 1.3125 0
-1.8125 1.3125 0
-1.6875 1.3125 0
-1.5625 1.3125 0
-1.4375 1.3125 0
-1.3125 1.3125 0
-1.1875 1.3125 0
-1.0625 1.3125 0
-0.9375 1.3125 0
-0.8125 1.3125 0
-0.6875 1.3125 0
-0.5625 1.3125 0
-0.4375 1.3125 0
-0.3125 1.3125 0
-0.1875 1.3125 0
-0.0625 1.3125 0
0.0625 1.3125 0
0.1875 1.3125 0
0.3125 1.3125 0
0.4375 1.3125 0
0.5625 1.3125 0
0.6875 1.3125 0
0.8125 1.3125 0
0.9375 1.3125 0
1.0625 1.3125 0
1.1875 1.3125 0
1.3125 1.3125 0
1.4375 1.3125 0
1.5625 1.3125 0
1.6875 1.3125 0
1.8125 1.3125 0
1.9375 1.3125 0
-1.9375 1.4375 0
-1.8125 1.4375 0
-1.6875 1.4375 0
-1.5625 1.4375 0
-1.4375 1.4375 0
-1.3125 1.4375 0
-1.1875 1.4375 0
-1.0625 1.4375 0
-0.9375 1.4375 0
-0.8125 1.4375 0
-0.6875 1.4375 0
-0.5625 1.4375 0
-0.4375 1.4375 0
-0.3125 1.4375 0
-0.1875 1.4375 0
-0.0625 1.4375 0
0.0625 1.4375 0
0.1875 1.4375 0
0.3125 1.4375 0
0.4375 1.4375 0
0.5625 1.4375 0
0.6875 1.4375 0
0.8125 1.4375 0
0.9375 1.4375 0
1.0625 1.4375 0
1.1875 1.4375 0
1.3125 1.4375 0
1.4375 1.4375 0
1.5625 1.4375 0
1.6875 1.4375 0
1.8125 1.4375 0
1.9375 1.4375 0
-1.9375 1.5625 0
-1.8125 1.5625 0
-1.6875 1.5625 0
-1.5625 1.5625 0
-1.4375 1.5625 0
-1.3125 1.5625 0
-1.1875 1.5625 0
-1.0625 1.5625 0
-0.9375 1.5625 0
-0.8125 1.5625 0
-0.6875 1.5625 0
-0.5625 1.5625 0
-0.4375 1.5625 0
-0.3125 1.5625 0
-0.1875 1.5625 0
-0.0625 1.5625 0
0.0625 1.5625 0
0.1875 1.5625 0
0.3125 1.5625 0
0.4375 1.5625 0
0.5625 1.5625 0
0.6875 1.5625 0
0.8125 1.5625 0
0.9375 1.5625 0
1.0625 1.5625 0
1.1875 1.5625 0
1.3125 1.5625 0
1.4375 1.5625 0
1.5625 1.5625 0
1.6875 1.5625 0
1.8125 1.5625 0
1.9375 1.5625 0
-1.9375 1.6875 0
-1.8125 1.6875 0
-1.6875 1.6875 0
-1.5625 1.6875 0
-1.4375 1.6875 0
-1.3125 1.6875 0
-1.1875 1.6875 0
-1.0625 1.6875 0
-0.9375 1.6875 0
-0.8125 1.6875 0
-0.6875 1.6875 0
-0.5625 1.6875 0
-0.4375 1.6875 0
-0.3125 1.6875 0
-0.1875 1.6875 0
-0.0625 1.6875 0
0.0625 1.6875 0
0.1875 1.6875 0
0.3125 1.6875 0
0.4375 1.6875 0
0.5625 1.6875 0
0.6875 1.6875 0
0.8125 1.6875 0
0.9375 1.6875 0
1.0625 1.6875 0
1.1875 1.6875 0
1.3125 1.6875 0
1.4375 1.6875 0
1.5625 1.6875 0
1.6875 1.6875 0
1.8125 1.6875 0
1.9375 1.6875 0
-1.9375 1.8125 0
-1.8125 1.8125 0
-1.6875 1.8125 0
-1.5625 1.8125 0
-1.4375 1.8125 0
-1.3125 1.8125 0
-1.1875 1.8125 0
-1.0625 1.8125 0
-0.9375 1.8125 0
-0.8125 1.8125 0
-0.6875 1.8125 0
-0.5625 1.8125 0
-0.4375 1.8125 0
-0.3125 1.8125 0
-0.1875 1.8125 0
-0.0625 1.8125 0
0.0625 1.8125 0
0.1875 1.8125 0
0.3125 1.8125 0
0.4375 1.8125 0
0.5625 1.8125 0
0.6875 1.8125 0
0.8125 1.8125 0
0.9375 1.8125 0
1.0625 1.8125 0
1.1875 1.8125 0
1.3125 1.8125 0
1.4375 1.8125 0
1.5625 1.8125 0
1.6875 1.8125 0
1.8125 1.8125 0
1.9375 1.8125 0
-1.9375 1.9375 0
-1.8125 1.9375 0
-1.6875 1.9375 0
-1.5625 1.9375 0
-1.4375 1.9375 0
-1.3125 1.9375 0
-1.1875 1.9375 0
-1.0625 1.9375 0
-0.9375 1.9375 0
-0.8125 1.9375 0
-0.6875 1.9375 0
-0.5625 1.9375 0
-0.4375 1.9375 0
-0.3125 1.9375 0
-0.1875 1.9375 0
-0.0625 1.9375 0
0.0625 1.9375 0
0.1875 1.9375 0
0.3125 1.9375 0
0.4375 1.9375 0
0.5625 1.9375 0
0.6875 1.9375 0
0.8125 1.9375 0
0.9375 1.9375 0
1.0625 1.9375 0
1.1875 1.9375 0
1.3125 1.9375 0
1.4375 1.9375 0
1.5625 1.9375 0
1.6875 1.9375 0
1.8125 1.9375 0
1.9375 1.9375 0
