-1.75 -1.75 0
-1.25 -1.75 0
-0.75 -1.75 0
-0.25 -1.75 0
0.25 -1.75 0
0.75 -1.75 0
1.25 -1.75 0
1.75 -1.75 0
-1.75 -1.25 0
-1.25 -1.25 0
-0.75 -1.25 0
-0.25 -1.25 0
0.25 -1.25 0
0.75 -1.25 0
1.25 -1.25 0
1.75 -1.25 0
-1.75 -0.75 0
-1.25 -0.75 0
-0.75 -0.75 -0.0384071
-0.25 -0.75 -0.0909237
0.25 -0.75 -0.0881485
0.75 -0.75 -0.0341482
1.25 -0.75 0
1.75 -0.75 0
-1.75 -0.25 0
-1.25 -0.25 0
-0.75 -0.25 -0.0909237
-0.25 -0.25 0.0349506
0.25 -0.25 0.0358248
0.75 -0.25 -0.0906777
1.25 -0.25 0
1.75 -0.25 0
-1.75 0.25 0
-1.25 0.25 0
-0.75 0.25 -0.0881485
-0.25 0.25 0.0358248
0.25 0.25 0.037175
0.75 0.25 -0.0864749
1.25 0.25 0
1.75 0.25 0
-1.75 0.75 0
-1.25 0.75 0
-0.75 0.75 -0.0341482
-0.25 0.75 -0.0906777
0.25 0.75 -0.0864749
0.75 0.75 -0.0246438
1.25 0.75 0
1.75 0.75 0
-1.75 1.25 0
-1.25 1.25 0
-0.75 1.25 0
-0.25 1.25 0
0.25 1.25 0
0.75 1.25 0
1.25 1.25 0
1.75 1.25 0
-1.75 1.75 0
-1.25 1.75 0
-0.75 1.75 0
-0.25 1.75 0
0.25 1.75 0
0.75 1.75 0
1.25 1.75 0
1.75 1.75 0
