-1.9375 -1.9375 0
-1.8125 -1.9375 0
-1.6875 -1.9375 0
-1.5625 -1.9375 0
-1.4375 -1.9375 0
-1.3125 -1.9375 0
-1.1875 -1.9375 0
-1.0625 -1.9375 0
-0.9375 -1.9375 0
-0.8125 -1.9375 0
-0.6875 -1.9375 0
-0.5625 -1.9375 0
-0.4375 -1.9375 0
-0.3125 -1.9375 0
-0.1875 -1.9375 0
-0.0625 -1.9375 0
0.0625 -1.9375 0
0.1875 -1.9375 0
0.3125 -1.9375 0
0.4375 -1.9375 0
0.5625 -1.9375 0
0.6875 -1.9375 0
0.8125 -1.9375 0
0.9375 -1.9375 0
1.0625 -1.9375 0
1.1875 -1.9375 0
1.3125 -1.9375 0
1.4375 -1.9375 0
1.5625 -1.9375 0
1.6875 -1.9375 0
1.8125 -1.9375 0
1.9375 -1.9375 0
-1.9375 -1.8125 0
-1.8125 -1.8125 0
-1.6875 -1.8125 0
-1.5625 -1.8125 0
-1.4375 -1.8125 0
-1.3125 -1.8125 0
-1.1875 -1.8125 0
-1.0625 -1.8125 0
-0.9375 -1.8125 0
-0.8125 -1.8125 0
-0.6875 -1.8125 0
-0.5625 -1.8125 0
-0.4375 -1.8125 0
-0.3125 -1.8125 0
-0.1875 -1.8125 0
-0.0625 -1.8125 0
0.0625 -1.8125 0
0.1875 -1.8125 0
0.3125 -1.8125 0
0.4375 -1.8125 0
0.5625 -1.8125 0
0.6875 -1.8125 0
0.8125 -1.8125 0
0.9375 -1.8125 0
1.0625 -1.8125 0
1.1875 -1.8125 0
1.3125 -1.8125 0
1.4375 -1.8125 0
1.5625 -1.8125 0
1.6875 -1.8125 0
1.8125 -1.8125 0
1.9375 -1.8125 0
-1.9375 -1.6875 0
-1.8125 -1.6875 0
-1.6875 -1.6875 0
-1.5625 -1.6875 0
-1.4375 -1.6875 0
-1.3125 -1.6875 0
-1.1875 -1.6875 0
-1.0625 -1.6875 0
-0.9375 -1.6875 0
-0.8125 -1.6875 0
-0.6875 -1.6875 0
-0.5625 -1.6875 0
-0.4375 -1.6875 0
-0.3125 -1.6875 0
-0.1875 -1.6875 0
-0.0625 -1.6875 0
0.0625 -1.6875 0
0.1875 -1.6875 0
0.3125 -1.6875 0
0.4375 -1.6875 0
0.5625 -1.6875 0
0.6875 -1.6875 0
0.8125 -1.6875 0
0.9375 -1.6875 0
1.0625 -1.6875 0
1.1875 -1.6875 0
1.3125 -1.6875 0
1.4375 -1.6875 0
1.5625 -1.6875 0
1.6875 -1.6875 0
1.8125 -1.6875 0
1.9375 -1.6875 0
-1.9375 -1.5625 0
-1.8125 -1.5625 0
-1.6875 -1.5625 0
-1.5625 -1.5625 0
-1.4375 -1.5625 0
-1.3125 -1.5625 0
-1.1875 -1.5625 0
-1.0625 -1.5625 0
-0.9375 -1.5625 0
-0.8125 -1.5625 0
-0.6875 -1.5625 0
-0.5625 -1.5625 0
-0.4375 -1.5625 0
-0.3125 -1.5625 0
-0.1875 -1.5625 0
-0.0625 -1.5625 0
0.0625 -1.5625 0
0.1875 -1.5625 0
0.3125 -1.5625 0
0.4375 -1.5625 0
0.5625 -1.5625 0
0.6875 -1.5625 0
0.8125 -1.5625 0
0.9375 -1.5625 0
1.0625 -1.5625 0
1.1875 -1.5625 0
1.3125 -1.5625 0
1.4375 -1.5625 0
1.5625 -1.5625 0
1.6875 -1.5625 0
1.8125 -1.5625 0
1.9375 -1.5625 0
-1.9375 -1.4375 0
-1.8125 -1.4375 0
-1.6875 -1.4375 0
-1.5625 -1.4375 0
-1.4375 -1.4375 0
-1.3125 -1.4375 0
-1.1875 -1.4375 0
-1.0625 -1.4375 0
-0.9375 -1.4375 0
-0.8125 -1.4375 0
-0.6875 -1.4375 0
-0.5625 -1.4375 0
-0.4375 -1.4375 0
-0.3125 -1.4375 0
-0.1875 -1.4375 0
-0.0625 -1.4375 0
0.0625 -1.4375 0
0.1875 -1.4375 0
0.3125 -1.4375 0
0.4375 -1.4375 0
0.5625 -1.4375 0
0.6875 -1.4375 0
0.8125 -1.4375 0
0.9375 -1.4375 0
1.0625 -1.4375 0
1.1875 -1.4375 0
1.3125 -1.4375 0
1.4375 -1.4375 0
1.5625 -1.4375 0
1.6875 -1.4375 0
1.8125 -1.4375 0
1.9375 -1.4375 0
-1.9375 -1.3125 0
-1.8125 -1.3125 0
-1.6875 -1.3125 0
-1.5625 -1.3125 0
-1.4375 -1.3125 0
-1.3125 -1.3125 0
-1.1875 -1.3125 0
-1.0625 -1.3125 0
-0.9375 -1.3125 0
-0.8125 -1.3125 0
-0.6875 -1.3125 0
-0.5625 -1.3125 0
-0.4375 -1.3125 0
-0.3125 -1.3125 0
-0.1875 -1.3125 0
-0.0625 -1.3125 0
0.0625 -1.3125 0
0.1875 -1.3125 0
0.3125 -1.3125 0
0.4375 -1.3125 0
0.5625 -1.3125 0
0.6875 -1.3125 0
0.8125 -1.3125 0
0.9375 -1.3125 0
1.0625 -1.3125 0
1.1875 -1.3125 0
1.3125 -1.3125 0
1.4375 -1.3125 0
1.5625 -1.3125 0
1.6875 -1.3125 0
1.8125 -1.3125 0
1.9375 -1.3125 0
-1.9375 -1.1875 0
-1.8125 -1.1875 0
-1.6875 -1.1875 0
-1.5625 -1.1875 0
-1.4375 -1.1875 0
-1.3125 -1.1875 0
-1.1875 -1.1875 0
-1.0625 -1.1875 0
-0.9375 -1.1875 0
-0.8125 -1.1875 0
-0.6875 -1.1875 0
-0.5625 -1.1875 0
-0.4375 -1.1875 0
-0.3125 -1.1875 0
-0.1875 -1.1875 0
-0.0625 -1.1875 0
0.0625 -1.1875 0
0.1875 -1.1875 0
0.3125 -1.1875 0
0.4375 -1.1875 0
0.5625 -1.1875 0
0.6875 -1.1875 0
0.8125 -1.1875 0
0.9375 -1.1875 0
1.0625 -1.1875 0
1.1875 -1.1875 0
1.3125 -1.1875 0
1.4375 -1.1875 0
1.5625 -1.1875 0
1.6875 -1.1875 0
1.8125 -1.1875 0
1.9375 -1.1875 0
-1.9375 -1.0625 0
-1.8125 -1.0625 0
-1.6875 -1.0625 0
-1.5625 -1.0625 0
-1.4375 -1.0625 0
-1.3125 -1.0625 0
-1.1875 -1.0625 0
-1.0625 -1.0625 0
-0.9375 -1.0625 0
-0.8125 -1.0625 0
-0.6875 -1.0625 0
-0.5625 -1.0625 0
-0.4375 -1.0625 0
-0.3125 -1.0625 0
-0.1875 -1.0625 0
-0.0625 -1.0625 0
0.0625 -1.0625 0
0.1875 -1.0625 0
0.3125 -1.0625 0
0.4375 -1.0625 0
0.5625 -1.0625 0
0.6875 -1.0625 0
0.8125 -1.0625 0
0.9375 -1.0625 0
1.0625 -1.0625 0
1.1875 -1.0625 0
1.3125 -1.0625 0
1.4375 -1.0625 0
1.5625 -1.0625 0
1.6875 -1.0625 0
1.8125 -1.0625 0
1.9375 -1.0625 0
-1.9375 -0.9375 0
-1.8125 -0.9375 0
-1.6875 -0.9375 0
-1.5625 -0.9375 0
-1.4375 -0.9375 0
-1.3125 -0.9375 0
-1.1875 -0.9375 0
-1.0625 -0.9375 0
-0.9375 -0.9375 0.0253249
-0.8125 -0.9375 0.0428372
-0.6875 -0.9375 0.055622
-0.5625 -0.9375 0.0651214
-0.4375 -0.9375 0.0721101
-0.3125 -0.9375 0.0770438
-0.1875 -0.9375 0.0802
-0.0625 -0.9375 0.0817406
0.0625 -0.9375 0.0817406
0.1875 -0.9375 0.0802
0.3125 -0.9375 0.0770438
0.4375 -0.9375 0.0721101
0.5625 -0.9375 0.0651214
0.6875 -0.9375 0.055622
0.8125 -0.9375 0.0428372
0.9375 -0.9375 0.0253249
1.0625 -0.9375 0
1.1875 -0.9375 0
1.3125 -0.9375 0
1.4375 -0.9375 0
1.5625 -0.9375 0
1.6875 -0.9375 0
1.8125 -0.9375 0
1.9375 -0.9375 0
-1.9375 -0.8125 0
-1.8125 -0.8125 0
-1.6875 -0.8125 0
-1.5625 -0.8125 0
-1.4375 -0.8125 0
-1.3125 -0.8125 0
-1.1875 -0.8125 0
-1.0625 -0.8125 0
-0.9375 -0.8125 0.0428372
-0.8125 -0.8125 0.0747771
-0.6875 -0.8125 0.0989044
-0.5625 -0.8125 0.117129
-0.4375 -0.8125 0.13065
-0.3125 -0.8125 0.14024
-0.1875 -0.8125 0.146391
-0.0625 -0.8125 0.149397
0.0625 -0.8125 0.149397
0.1875 -0.8125 0.146391
0.3125 -0.8125 0.14024
0.4375 -0.8125 0.13065
0.5625 -0.8125 0.117129
0.6875 -0.8125 0.0989044
0.8125 -0.8125 0.0747771
0.9375 -0.8125 0.0428372
1.0625 -0.8125 0
1.1875 -0.8125 0
1.3125 -0.8125 0
1.4375 -0.8125 0
1.5625 -0.8125 0
1.6875 -0.8125 0
1.8125 -0.8125 0
1.9375 -0.8125 0
-1.9375 -0.6875 0
-1.8125 -0.6875 0
-1.6875 -0.6875 0
-1.5625 -0.6875 0
-1.4375 -0.6875 0
-1.3125 -0.6875 0
-1.1875 -0.6875 0
-1.0625 -0.6875 0
-0.9375 -0.6875 0.055622
-0.8125 -0.6875 0.0989044
-0.6875 -0.6875 0.132465
-0.5625 -0.6875 0.158213
-0.4375 -0.6875 0.177497
-0.3125 -0.6875 0.191251
-0.1875 -0.6875 0.200101
-0.0625 -0.6875 0.204434
0.0625 -0.6875 0.204434
0.1875 -0.6875 0.200101
0.3125 -0.6875 0.191251
0.4375 -0.6875 0.177497
0.5625 -0.6875 0.158213
0.6875 -0.6875 0.132465
0.8125 -0.6875 0.0989044
0.9375 -0.6875 0.055622
1.0625 -0.6875 0
1.1875 -0.6875 0
1.3125 -0.6875 0
1.4375 -0.6875 0
1.5625 -0.6875 0
1.6875 -0.6875 0
1.8125 -0.6875 0
1.9375 -0.6875 0
-1.9375 -0.5625 0
-1.8125 -0.5625 0
-1.6875 -0.5625 0
-1.5625 -0.5625 0
-1.4375 -0.5625 0
-1.3125 -0.5625 0
-1.1875 -0.5625 0
-1.0625 -0.5625 0
-0.9375 -0.5625 0.0651214
-0.8125 -0.5625 0.117129
-0.6875 -0.5625 0.158213
-0.5625 -0.5625 0.190137
-0.4375 -0.5625 0.214249
-0.3125 -0.5625 0.23154
-0.1875 -0.5625 0.242703
-0.0625 -0.5625 0.248179
0.0625 -0.5625 0.248179
0.1875 -0.5625 0.242703
0.3125 -0.5625 0.23154
0.4375 -0.5625 0.214249
0.5625 -0.5625 0.190137
0.6875 -0.5625 0.158213
0.8125 -0.5625 0.117129
0.9375 -0.5625 0.0651214
1.0625 -0.5625 0
1.1875 -0.5625 0
1.3125 -0.5625 0
1.4375 -0.5625 0
1.5625 -0.5625 0
1.6875 -0.5625 0
1.8125 -0.5625 0
1.9375 -0.5625 0
-1.9375 -0.4375 0
-1.8125 -0.4375 0
-1.6875 -0.4375 0
-1.5625 -0.4375 0
-1.4375 -0.4375 0
-1.3125 -0.4375 0
-1.1875 -0.4375 0
-1.0625 -0.4375 0
-0.9375 -0.4375 0.0721101
-0.8125 -0.4375 0.13065
-0.6875 -0.4375 0.177497
-0.5625 -0.4375 0.214249
-0.4375 -0.4375 0.242196
-0.3125 -0.4375 0.262331
-0.1875 -0.4375 0.275369
-0.0625 -0.4375 0.281775
0.0625 -0.4375 0.281775
0.1875 -0.4375 0.275369
0.3125 -0.4375 0.262331
0.4375 -0.4375 0.242196
0.5625 -0.4375 0.214249
0.6875 -0.4375 0.177497
0.8125 -0.4375 0.13065
0.9375 -0.4375 0.0721101
1.0625 -0.4375 0
1.1875 -0.4375 0
1.3125 -0.4375 0
1.4375 -0.4375 0
1.5625 -0.4375 0
1.6875 -0.4375 0
1.8125 -0.4375 0
1.9375 -0.4375 0
-1.9375 -0.3125 0
-1.8125 -0.3125 0
-1.6875 -0.3125 0
-1.5625 -0.3125 0
-1.4375 -0.3125 0
-1.3125 -0.3125 0
-1.1875 -0.3125 0
-1.0625 -0.3125 0
-0.9375 -0.3125 0.0770438
-0.8125 -0.3125 0.14024
-0.6875 -0.3125 0.191251
-0.5625 -0.3125 0.23154
-0.4375 -0.3125 0.262331
-0.3125 -0.3125 0.284593
-0.1875 -0.3125 0.299043
-0.0625 -0.3125 0.306151
0.0625 -0.3125 0.306151
0.1875 -0.3125 0.299043
0.3125 -0.3125 0.284593
0.4375 -0.3125 0.262331
0.5625 -0.3125 0.23154
0.6875 -0.3125 0.191251
0.8125 -0.3125 0.14024
0.9375 -0.3125 0.0770438
1.0625 -0.3125 0
1.1875 -0.3125 0
1.3125 -0.3125 0
1.4375 -0.3125 0
1.5625 -0.3125 0
1.6875 -0.3125 0
1.8125 -0.3125 0
1.9375 -0.3125 0
-1.9375 -0.1875 0
-1.8125 -0.1875 0
-1.6875 -0.1875 0
-1.5625 -0.1875 0
-1.4375 -0.1875 0
-1.3125 -0.1875 0
-1.1875 -0.1875 0
-1.0625 -0.1875 0
-0.9375 -0.1875 0.0802
-0.8125 -0.1875 0.146391
-0.6875 -0.1875 0.200101
-0.5625 -0.1875 0.242703
-0.4375 -0.1875 0.275369
-0.3125 -0.1875 0.299043
-0.1875 -0.1875 0.314433
-0.0625 -0.1875 0.322011
0.0625 -0.1875 0.322011
0.1875 -0.1875 0.314433
0.3125 -0.1875 0.299043
0.4375 -0.1875 0.275369
0.5625 -0.1875 0.242703
0.6875 -0.1875 0.200101
0.8125 -0.1875 0.146391
0.9375 -0.1875 0.0802
1.0625 -0.1875 0
1.1875 -0.1875 0
1.3125 -0.1875 0
1.4375 -0.1875 0
1.5625 -0.1875 0
1.6875 -0.1875 0
1.8125 -0.1875 0
1.9375 -0.1875 0
-1.9375 -0.0625 0
-1.8125 -0.0625 0
-1.6875 -0.0625 0
-1.5625 -0.0625 0
-1.4375 -0.0625 0
-1.3125 -0.0625 0
-1.1875 -0.0625 0
-1.0625 -0.0625 0
-0.9375 -0.0625 0.0817406
-0.8125 -0.0625 0.149397
-0.6875 -0.0625 0.204434
-0.5625 -0.0625 0.248179
-0.4375 -0.0625 0.281775
-0.3125 -0.0625 0.306151
-0.1875 -0.0625 0.322011
-0.0625 -0.0625 0.329824
0.0625 -0.0625 0.329824
0.1875 -0.0625 0.322011
0.3125 -0.0625 0.306151
0.4375 -0.0625 0.281775
0.5625 -0.0625 0.248179
0.6875 -0.0625 0.204434
0.8125 -0.0625 0.149397
0.9375 -0.0625 0.0817406
1.0625 -0.0625 0
1.1875 -0.0625 0
1.3125 -0.0625 0
1.4375 -0.0625 0
1.5625 -0.0625 0
1.6875 -0.0625 0
1.8125 -0.0625 0
1.9375 -0.0625 0
-1.9375 0.0625 0
-1.8125 0.0625 0
-1.6875 0.0625 0
-1.5625 0.0625 0
-1.4375 0.0625 0
-1.3125 0.0625 0
-1.1875 0.0625 0
-1.0625 0.0625 0
-0.9375 0.0625 0.0817406
-0.8125 0.0625 0.149397
-0.6875 0.0625 0.204434
-0.5625 0.0625 0.248179
-0.4375 0.0625 0.281775
-0.3125 0.0625 0.306151
-0.1875 0.0625 0.322011
-0.0625 0.0625 0.329824
0.0625 0.0625 0.329824
0.1875 0.0625 0.322011
0.3125 0.0625 0.306151
0.4375 0.0625 0.281775
0.5625 0.0625 0.248179
0.6875 0.0625 0.204434
0.8125 0.0625 0.149397
0.9375 0.0625 0.0817406
1.0625 0.0625 0
1.1875 0.0625 0
1.3125 0.0625 0
1.4375 0.0625 0
1.5625 0.0625 0
1.6875 0.0625 0
1.8125 0.0625 0
1.9375 0.0625 0
-1.9375 0.1875 0
-1.8125 0.1875 0
-1.6875 0.1875 0
-1.5625 0.1875 0
-1.4375 0.1875 0
-1.3125 0.1875 0
-1.1875 0.1875 0
-1.0625 0.1875 0
-0.9375 0.1875 0.0802
-0.8125 0.1875 0.146391
-0.6875 0.1875 0.200101
-0.5625 0.1875 0.242703
-0.4375 0.1875 0.275369
-0.3125 0.1875 0.299043
-0.1875 0.1875 0.314433
-0.0625 0.1875 0.322011
0.0625 0.1875 0.322011
0.1875 0.1875 0.314433
0.3125 0.1875 0.299043
0.4375 0.1875 0.275369
0.5625 0.1875 0.242703
0.6875 0.1875 0.200101
0.8125 0.1875 0.146391
0.9375 0.1875 0.0802
1.0625 0.1875 0
1.1875 0.1875 0
1.3125 0.1875 0
1.4375 0.1875 0
1.5625 0.1875 0
1.6875 0.1875 0
1.8125 0.1875 0
1.9375 0.1875 0
-1.9375 0.3125 0
-1.8125 0.3125 0
-1.6875 0.3125 0
-1.5625 0.3125 0
-1.4375 0.3125 0
-1.3125 0.3125 0
-1.1875 0.3125 0
-1.0625 0.3125 0
-0.9375 0.3125 0.0770438
-0.8125 0.3125 0.14024
-0.6875 0.3125 0.191251
-0.5625 0.3125 0.23154
-0.4375 0.3125 0.262331
-0.3125 0.3125 0.284593
-0.1875 0.3125 0.299043
-0.0625 0.3125 0.306151
0.0625 0.3125 0.306151
0.1875 0.3125 0.299043
0.3125 0.3125 0.284593
0.4375 0.3125 0.262331
0.5625 0.3125 0.23154
0.6875 0.3125 0.191251
0.8125 0.3125 0.14024
0.9375 0.3125 0.0770438
1.0625 0.3125 0
1.1875 0.3125 0
1.3125 0.3125 0
1.4375 0.3125 0
1.5625 0.3125 0
1.6875 0.3125 0
1.8125 0.3125 0
1.9375 0.3125 0
-1.9375 0.4375 0
-1.8125 0.4375 0
-1.6875 0.4375 0
-1.5625 0.4375 0
-1.4375 0.4375 0
-1.3125 0.4375 0
-1.1875 0.4375 0
-1.0625 0.4375 0
-0.9375 0.4375 0.0721101
-0.8125 0.4375 0.13065
-0.6875 0.4375 0.177497
-0.5625 0.4375 0.214249
-0.4375 0.4375 0.242196
-0.3125 0.4375 0.262331
-0.1875 0.4375 0.275369
-0.0625 0.4375 0.281775
0.0625 0.4375 0.281775
0.1875 0.4375 0.275369
0.3125 0.4375 0.262331
0.4375 0.4375 0.242196
0.5625 0.4375 0.214249
0.6875 0.4375 0.177497
0.8125 0.4375 0.13065
0.9375 0.4375 0.0721101
1.0625 0.4375 0
1.1875 0.4375 0
1.3125 0.4375 0
1.4375 0.4375 0
1.5625 0.4375 0
1.6875 0.4375 0
1.8125 0.4375 0
1.9375 0.4375 0
-1.9375 0.5625 0
-1.8125 0.5625 0
-1.6875 0.5625 0
-1.5625 0.5625 0
-1.4375 0.5625 0
-1.3125 0.5625 0
-1.1875 0.5625 0
-1.0625 0.5625 0
-0.9375 0.5625 0.0651214
-0.8125 0.5625 0.117129
-0.6875 0.5625 0.158213
-0.5625 0.5625 0.190137
-0.4375 0.5625 0.214249
-0.3125 0.5625 0.23154
-0.1875 0.5625 0.242703
-0.0625 0.5625 0.248179
0.0625 0.5625 0.248179
0.1875 0.5625 0.242703
0.3125 0.5625 0.23154
0.4375 0.5625 0.214249
0.5625 0.5625 0.190137
0.6875 0.5625 0.158213
0.8125 0.5625 0.117129
0.9375 0.5625 0.0651214
1.0625 0.5625 0
1.1875 0.5625 0
1.3125 0.5625 0
1.4375 0.5625 0
1.5625 0.5625 0
1.6875 0.5625 0
1.8125 0.5625 0
1.9375 0.5625 0
-1.9375 0.6875 0
-1.8125 0.6875 0
-1.6875 0.6875 0
-1.5625 0.6875 0
-1.4375 0.6875 0
-1.3125 0.6875 0
-1.1875 0.6875 0
-1.0625 0.6875 0
-0.9375 0.6875 0.055622
-0.8125 0.6875 0.0989044
-0.6875 0.6875 0.132465
-0.5625 0.6875 0.158213
-0.4375 0.6875 0.177497
-0.3125 0.6875 0.191251
-0.1875 0.6875 0.200101
-0.0625 0.6875 0.204434
0.0625 0.6875 0.204434
0.1875 0.6875 0.200101
0.3125 0.6875 0.191251
0.4375 0.6875 0.177497
0.5625 0.6875 0.158213
0.6875 0.6875 0.132465
0.8125 0.6875 0.0989044
0.9375 0.6875 0.055622
1.0625 0.6875 0
1.1875 0.6875 0
1.3125 0.6875 0
1.4375 0.6875 0
1.5625 0.6875 0
1.6875 0.6875 0
1.8125 0.6875 0
1.9375 0.6875 0
-1.9375 0.8125 0
-1.8125 0.8125 0
-1.6875 0.8125 0
-1.5625 0.8125 0
-1.4375 0.8125 0
-1.3125 0.8125 0
-1.1875 0.8125 0
-1.0625 0.8125 0
-0.9375 0.8125 0.0428372
-0.8125 0.8125 0.0747771
-0.6875 0.8125 0.0989044
-0.5625 0.8125 0.117129
-0.4375 0.8125 0.13065
-0.3125 0.8125 0.14024
-0.1875 0.8125 0.146391
-0.0625 0.8125 0.149397
0.0625 0.8125 0.149397
0.1875 0.8125 0.146391
0.3125 0.8125 0.14024
0.4375 0.8125 0.13065
0.5625 0.8125 0.117129
0.6875 0.8125 0.0989044
0.8125 0.8125 0.0747771
0.9375 0.8125 0.0428372
1.0625 0.8125 0
1.1875 0.8125 0
1.3125 0.8125 0
1.4375 0.8125 0
1.5625 0.8125 0
1.6875 0.8125 0
1.8125 0.8125 0
1.9375 0.8125 0
-1.9375 0.9375 0
-1.8125 0.9375 0
-1.6875 0.9375 0
-1.5625 0.9375 0
-1.4375 0.9375 0
-1.3125 0.9375 0
-1.1875 0.9375 0
-1.0625 0.9375 0
-0.9375 0.9375 0.0253249
-0.8125 0.9375 0.0428372
-0.6875 0.9375 0.055622
-0.5625 0.9375 0.0651214
-0.4375 0.9375 0.0721101
-0.3125 0.9375 0.0770438
-0.1875 0.9375 0.0802
-0.0625 0.9375 0.0817406
0.0625 0.9375 0.0817406
0.1875 0.9375 0.0802
0.3125 0.9375 0.0770438
0.4375 0.9375 0.0721101
0.5625 0.9375 0.0651214
0.6875 0.9375 0.055622
0.8125 0.9375 0.0428372
0.9375 0.9375 0.0253249
1.0625 0.9375 0
1.1875 0.9375 0
1.3125 0.9375 0
1.4375 0.9375 0
1.5625 0.9375 0
1.6875 0.9375 0
1.8125 0.9375 0
1.9375 0.9375 0
-1.9375 1.0625 0
-1.8125 1.0625 0
-1.6875 1.0625 0
-1.5625 1.0625 0
-1.4375 1.0625 0
-1.3125 1.0625 0
-1.1875 1.0625 0
-1.0625 1.0625 0
-0.9375 1.0625 0
-0.8125 1.0625 0
-0.6875 1.0625 0
-0.5625 1.0625 0
-0.4375 1.0625 0
-0.3125 1.0625 0
-0.1875 1.0625 0
-0.0625 1.0625 0
0.0625 1.0625 0
0.1875 1.0625 0
0.3125 1.0625 0
0.4375 1.0625 0
0.5625 1.0625 0
0.6875 1.0625 0
0.8125 1.0625 0
0.9375 1.0625 0
1.0625 1.0625 0
1.1875 1.0625 0
1.3125 1.0625 0
1.4375 1.0625 0
1.5625 1.0625 0
1.6875 1.0625 0
1.8125 1.0625 0
1.9375 1.0625 0
-1.9375 1.1875 0
-1.8125 1.1875 0
-1.6875 1.1875 0
-1.5625 1.1875 0
-1.4375 1.1875 0
-1.3125 1.1875 0
-1.1875 1.1875 0
-1.0625 1.1875 0
-0.9375 1.1875 0
-0.8125 1.1875 0
-0.6875 1.1875 0
-0.5625 1.1875 0
-0.4375 1.1875 0
-0.3125 1.1875 0
-0.1875 1.1875 0
-0.0625 1.1875 0
0.0625 1.1875 0
0.1875 1.1875 0
0.3125 1.1875 0
0.4375 1.1875 0
0.5625 1.1875 0
0.6875 1.1875 0
0.8125 1.1875 0
0.9375 1.1875 0
1.0625 1.1875 0
1.1875 1.1875 0
1.3125 1.1875 0
1.4375 1.1875 0
1.5625 1.1875 0
1.6875 1.1875 0
1.8125 1.1875 0
1.9375 1.1875 0
-1.9375 1.3125 0
-1.8125 1.3125 0
-1.6875 1.3125 0
-1.5625 1.3125 0
-1.4375 1.3125 0
-1.3125 1.3125 0
-1.1875 1.3125 0
-1.0625 1.3125 0
-0.9375 1.3125 0
-0.8125 1.3125 0
-0.6875 1.3125 0
-0.5625 1.3125 0
-0.4375 1.3125 0
-0.3125 1.3125 0
-0.1875 1.3125 0
-0.0625 1.3125 0
0.0625 1.3125 0
0.1875 1.3125 0
0.3125 1.3125 0
0.4375 1.3125 0
0.5625 1.3125 0
0.6875 1.3125 0
0.8125 1.3125 0
0.9375 1.3125 0
1.0625 1.3125 0
1.1875 1.3125 0
1.3125 1.3125 0
1.4375 1.3125 0
1.5625 1.3125 0
1.6875 1.3125 0
1.8125 1.3125 0
1.9375 1.3125 0
-1.9375 1.4375 0
-1.8125 1.4375 0
-1.6875 1.4375 0
-1.5625 1.4375 0
-1.4375 1.4375 0
-1.3125 1.4375 0
-1.1875 1.4375 0
-1.0625 1.4375 0
-0.9375 1.4375 0
-0.8125 1.4375 0
-0.6875 1.4375 0
-0.5625 1.4375 0
-0.4375 1.4375 0
-0.3125 1.4375 0
-0.1875 1.4375 0
-0.0625 1.4375 0
0.0625 1.4375 0
0.1875 1.4375 0
0.3125 1.4375 0
0.4375 1.4375 0
0.5625 1.4375 0
0.6875 1.4375 0
0.8125 1.4375 0
0.9375 1.4375 0
1.0625 1.4375 0
1.1875 1.4375 0
1.3125 1.4375 0
1.4375 1.4375 0
1.5625 1.4375 0
1.6875 1.4375 0
1.8125 1.4375 0
1.9375 1.4375 0
-1.9375 1.5625 0
-1.8125 1.5625 0
-1.6875 1.5625 0
-1.5625 1.5625 0
-1.4375 1.5625 0
-1.3125 1.5625 0
-1.1875 1.5625 0
-1.0625 1.5625 0
-0.9375 1.5625 0
-0.8125 1.5625 0
-0.6875 1.5625 0
-0.5625 1.5625 0
-0.4375 1.5625 0
-0.3125 1.5625 0
-0.1875 1.5625 0
-0.0625 1.5625 0
0.0625 1.5625 0
0.1875 1.5625 0
0.3125 1.5625 0
0.4375 1.5625 0
0.5625 1.5625 0
0.6875 1.5625 0
0.8125 1.5625 0
0.9375 1.5625 0
1.0625 1.5625 0
1.1875 1.5625 0
1.3125 1.5625 0
1.4375 1.5625 0
1.5625 1.5625 0
1.6875 1.5625 0
1.8125 1.5625 0
1.9375 1.5625 0
-1.9375 1.6875 0
-1.8125 1.6875 0
-1.6875 1.6875 0
-1.5625 1.6875 0
-1.4375 1.6875 0
-1.3125 1.6875 0
-1.1875 1.6875 0
-1.0625 1.6875 0
-0.9375 1.6875 0
-0.8125 1.6875 0
-0.6875 1.6875 0
-0.5625 1.6875 0
-0.4375 1.6875 0
-0.3125 1.6875 0
-0.1875 1.6875 0
-0.0625 1.6875 0
0.0625 1.6875 0
0.1875 1.6875 0
0.3125 1.6875 0
0.4375 1.6875 0
0.5625 1.6875 0
0.6875 1.6875 0
0.8125 1.6875 0
0.9375 1.6875 0
1.0625 1.6875 0
1.1875 1.6875 0
1.3125 1.6875 0
1.4375 1.6875 0
1.5625 1.6875 0
1.6875 1.6875 0
1.8125 1.6875 0
1.9375 1.6875 0
-1.9375 1.8125 0
-1.8125 1.8125 0
-1.6875 1.8125 0
-1.5625 1.8125 0
-1.4375 1.8125 0
-1.3125 1.8125 0
-1.1875 1.8125 0
-1.0625 1.8125 0
-0.9375 1.8125 0
-0.8125 1.8125 0
-0.6875 1.8125 0
-0.5625 1.8125 0
-0.4375 1.8125 0
-0.3125 1.8125 0
-0.1875 1.8125 0
-0.0625 1.8125 0
0.0625 1.8125 0
0.1875 1.8125 0
0.3125 1.8125 0
0.4375 1.8125 0
0.5625 1.8125 0
0.6875 1.8125 0
0.8125 1.8125 0
0.9375 1.8125 0
1.0625 1.8125 0
1.1875 1.8125 0
1.3125 1.8125 0
1.4375 1.8125 0
1.5625 1.8125 0
1.6875 1.8125 0
1.8125 1.8125 0
1.9375 1.8125 0
-1.9375 1.9375 0
-1.8125 1.9375 0
-1.6875 1.9375 0
-1.5625 1.9375 0
-1.4375 1.9375 0
-1.3125 1.9375 0
-1.1875 1.9375 0
-1.0625 1.9375 0
-0.9375 1.9375 0
-0.8125 1.9375 0
-0.6875 1.9375 0
-0.5625 1.9375 0
-0.4375 1.9375 0
-0.3125 1.9375 0
-0.1875 1.9375 0
-0.0625 1.9375 0
0.0625 1.9375 0
0.1875 1.9375 0
0.3125 1.9375 0
0.4375 1.9375 0
0.5625 1.9375 0
0.6875 1.9375 0
0.8125 1.9375 0
0.9375 1.9375 0
1.0625 1.9375 0
1.1875 1.9375 0
1.3125 1.9375 0
1.4375 1.9375 0
1.5625 1.9375 0
1.6875 1.9375 0
1.8125 1.9375 0
1.9375 1.9375 0
